title:Remembrance

// Solemn Remembrance (pve)
//notes: tags:pve
dimwishlist:item=4116518582&perks=839105230,4134353779,124408337,3824105627
dimwishlist:item=4116518582&perks=839105230,1087426260,124408337,3824105627
dimwishlist:item=4116518582&perks=839105230,106909392,124408337,3824105627
dimwishlist:item=4116518582&perks=839105230,2420895100,124408337,3824105627
dimwishlist:item=4116518582&perks=839105230,3177308360,124408337,3824105627
dimwishlist:item=4116518582&perks=839105230,1431678320,124408337,3824105627
dimwishlist:item=4116518582&perks=839105230,3230963543,124408337,3824105627
dimwishlist:item=4116518582&perks=3661387068,4134353779,124408337,3824105627
dimwishlist:item=4116518582&perks=3661387068,1087426260,124408337,3824105627
dimwishlist:item=4116518582&perks=3661387068,106909392,124408337,3824105627
dimwishlist:item=4116518582&perks=3661387068,2420895100,124408337,3824105627
dimwishlist:item=4116518582&perks=3661387068,3177308360,124408337,3824105627
dimwishlist:item=4116518582&perks=3661387068,1431678320,124408337,3824105627
dimwishlist:item=4116518582&perks=3661387068,3230963543,124408337,3824105627
dimwishlist:item=4116518582&perks=4090651448,4134353779,124408337,3824105627
dimwishlist:item=4116518582&perks=4090651448,1087426260,124408337,3824105627
dimwishlist:item=4116518582&perks=4090651448,106909392,124408337,3824105627
dimwishlist:item=4116518582&perks=4090651448,2420895100,124408337,3824105627
dimwishlist:item=4116518582&perks=4090651448,3177308360,124408337,3824105627
dimwishlist:item=4116518582&perks=4090651448,1431678320,124408337,3824105627
dimwishlist:item=4116518582&perks=4090651448,3230963543,124408337,3824105627
dimwishlist:item=4116518582&perks=1840239774,4134353779,124408337,3824105627
dimwishlist:item=4116518582&perks=1840239774,1087426260,124408337,3824105627
dimwishlist:item=4116518582&perks=1840239774,106909392,124408337,3824105627
dimwishlist:item=4116518582&perks=1840239774,2420895100,124408337,3824105627
dimwishlist:item=4116518582&perks=1840239774,3177308360,124408337,3824105627
dimwishlist:item=4116518582&perks=1840239774,1431678320,124408337,3824105627
dimwishlist:item=4116518582&perks=1840239774,3230963543,124408337,3824105627
dimwishlist:item=4116518582&perks=202670084,4134353779,124408337,3824105627
dimwishlist:item=4116518582&perks=202670084,1087426260,124408337,3824105627
dimwishlist:item=4116518582&perks=202670084,106909392,124408337,3824105627
dimwishlist:item=4116518582&perks=202670084,2420895100,124408337,3824105627
dimwishlist:item=4116518582&perks=202670084,3177308360,124408337,3824105627
dimwishlist:item=4116518582&perks=202670084,1431678320,124408337,3824105627
dimwishlist:item=4116518582&perks=202670084,3230963543,124408337,3824105627
dimwishlist:item=4116518582&perks=3250034553,4134353779,124408337,3824105627
dimwishlist:item=4116518582&perks=3250034553,1087426260,124408337,3824105627
dimwishlist:item=4116518582&perks=3250034553,106909392,124408337,3824105627
dimwishlist:item=4116518582&perks=3250034553,2420895100,124408337,3824105627
dimwishlist:item=4116518582&perks=3250034553,3177308360,124408337,3824105627
dimwishlist:item=4116518582&perks=3250034553,1431678320,124408337,3824105627
dimwishlist:item=4116518582&perks=3250034553,3230963543,124408337,3824105627
dimwishlist:item=4116518582&perks=1392496348,4134353779,124408337,3824105627
dimwishlist:item=4116518582&perks=1392496348,1087426260,124408337,3824105627
dimwishlist:item=4116518582&perks=1392496348,106909392,124408337,3824105627
dimwishlist:item=4116518582&perks=1392496348,2420895100,124408337,3824105627
dimwishlist:item=4116518582&perks=1392496348,3177308360,124408337,3824105627
dimwishlist:item=4116518582&perks=1392496348,1431678320,124408337,3824105627
dimwishlist:item=4116518582&perks=1392496348,3230963543,124408337,3824105627
dimwishlist:item=4116518582&perks=1482024992,4134353779,124408337,3824105627
dimwishlist:item=4116518582&perks=1482024992,1087426260,124408337,3824105627
dimwishlist:item=4116518582&perks=1482024992,106909392,124408337,3824105627
dimwishlist:item=4116518582&perks=1482024992,2420895100,124408337,3824105627
dimwishlist:item=4116518582&perks=1482024992,3177308360,124408337,3824105627
dimwishlist:item=4116518582&perks=1482024992,1431678320,124408337,3824105627
dimwishlist:item=4116518582&perks=1482024992,3230963543,124408337,3824105627


